0 1 11.5 73.0
0 2 0.1 2.0
0 3 6.5 30.0
0 4 7.9 75.0
0 6 8.0 63.0
0 7 6.2 38.0
0 8 8.4 5.0
0 9 9.5 60.0
0 10 4.0 20.0
0 11 8.2 65.0
0 12 1.2 11.0
0 13 1.9 13.0
0 15 0.1 3.0
0 16 5.3 27.0
0 17 10.0 65.0
0 18 6.1 38.0
0 19 12.7 67.0
0 21 9.6 60.0
0 22 10.4 55.0
0 23 8.5 53.32
0 24 10.9 65.0
0 25 9.4 60.0
0 26 3.2 17.0
0 27 0.1 2.0
0 28 5.8 28.0
0 29 5.0 25.0
0 30 6.6 30.0
1 1 12.0 79.91
1 2 0.1 10.73
1 3 7.52 37.63
1 4 8.53 82.94
1 6 8.65 70.46
1 7 6.86 44.61
1 8 9.23 8.31
1 9 9.9 66.18
1 10 4.35 24.01
1 11 9.18 72.95
1 12 1.64 15.63
1 13 2.32 17.14
1 15 0.1 12.05
1 16 6.11 33.92
1 17 10.73 73.19
1 18 7.13 45.68
1 19 13.49 75.18
1 21 10.0 66.18
1 22 11.31 62.73
1 23 8.9 59.73
1 24 12.24 73.29
1 25 10.1 68.03
1 26 3.6 20.17
1 27 0.1 3.52
1 28 6.5 32.42
1 29 5.32 27.94
1 30 7.57 37.04
2 1 12.48 86.55
2 2 0.4 11.94
2 3 8.44 44.95
2 4 9.15 90.47
2 6 9.27 77.68
2 7 7.53 51.06
2 8 10.46 12.47
2 9 10.29 72.25
2 10 4.74 28.12
2 11 10.15 80.61
2 12 2.09 20.37
2 13 2.76 21.42
2 15 0.35 12.05
2 16 6.93 40.65
2 17 11.45 81.05
2 18 8.16 52.99
2 19 14.29 83.0
2 21 10.39 72.25
2 22 12.2 70.28
2 23 9.29 65.92
2 24 13.59 81.22
2 25 10.81 75.82
2 26 3.99 23.44
2 27 0.1 5.26
2 28 7.19 36.84
2 29 5.63 30.85
2 30 8.57 43.91
3 1 12.94 92.93
3 2 0.7 15.99
3 3 9.29 51.94
3 4 9.73 97.59
3 6 9.89 84.57
3 7 8.19 57.3
3 8 11.9 17.15
3 9 10.67 78.1
3 10 5.13 32.19
3 11 11.06 87.91
3 12 2.52 25.04
3 13 3.19 25.65
3 15 0.59 13.85
3 16 7.73 47.09
3 17 12.15 88.55
3 18 9.18 59.95
3 19 15.07 90.44
3 21 10.77 78.1
3 22 13.08 77.58
3 23 9.67 71.99
3 24 14.91 88.76
3 25 11.51 83.29
3 26 4.37 26.84
3 27 0.1 7.18
3 28 7.85 41.37
3 29 5.92 33.8
3 30 9.58 50.54
4 1 13.39 99.03
4 2 0.99 19.99
4 3 10.06 58.54
4 4 10.29 102.86
4 6 10.49 91.13
4 7 8.84 63.34
4 8 13.42 22.04
4 9 11.03 83.72
4 10 5.52 36.14
4 11 11.96 94.88
4 12 2.95 29.54
4 13 3.61 29.76
4 15 0.83 17.48
4 16 8.51 53.24
4 17 12.82 95.67
4 18 10.18 66.59
4 19 15.83 97.51
4 21 11.13 83.72
4 22 13.94 84.6
4 23 10.04 77.83
4 24 16.19 95.92
4 25 12.17 90.44
4 26 4.74 30.42
4 27 0.1 9.31
4 28 8.5 46.04
4 29 6.19 36.84
4 30 10.59 56.9
5 1 13.81 104.87
5 2 1.26 23.81
5 3 10.74 64.78
5 4 10.79 107.72
5 6 11.03 97.38
5 7 9.47 69.15
5 8 15.0 26.97
5 9 11.38 89.22
5 10 5.9 39.92
5 11 12.8 101.52
5 12 3.35 33.86
5 13 4.02 33.73
5 15 1.05 20.84
5 16 9.27 59.11
5 17 13.45 102.43
5 18 11.21 72.96
5 19 16.54 104.2
5 21 11.49 89.22
5 22 14.77 91.31
5 23 10.39 83.45
5 24 17.44 102.7
5 25 12.79 97.27
5 26 5.09 34.02
5 27 0.11 11.65
5 28 9.11 50.65
5 29 6.46 39.82
5 30 11.64 63.04
6 1 14.23 110.45
6 2 1.53 27.43
6 3 11.37 70.68
6 4 11.22 111.16
6 6 11.49 103.27
6 7 10.08 74.76
6 8 16.62 31.85
6 9 11.73 94.5
6 10 6.28 43.48
6 11 13.62 107.82
6 12 3.74 37.99
6 13 4.41 37.54
6 15 1.27 23.94
6 16 10.01 64.69
6 17 14.05 108.83
6 18 12.24 79.06
6 19 17.22 110.52
6 21 11.83 94.5
6 22 15.54 97.69
6 23 10.74 88.95
6 24 18.64 109.1
6 25 13.39 103.75
6 26 5.43 37.61
6 27 0.11 14.11
6 28 9.7 55.13
6 29 6.71 42.74
6 30 12.71 68.93
7 1 14.63 115.75
7 2 1.79 30.83
7 3 11.95 76.26
7 4 11.6 113.52
7 6 11.92 108.87
7 7 10.66 80.16
7 8 18.18 36.68
7 9 12.06 99.55
7 10 6.63 46.8
7 11 14.39 113.83
7 12 4.11 41.88
7 13 4.79 41.18
7 15 1.47 26.8
7 16 10.72 70.03
7 17 14.61 114.88
7 18 13.26 84.88
7 19 17.87 116.48
7 21 12.16 99.55
7 22 16.29 103.75
7 23 11.08 94.23
7 24 19.79 115.14
7 25 13.94 109.91
7 26 5.75 41.21
7 27 0.11 16.73
7 28 10.26 59.55
7 29 6.95 45.62
7 30 13.75 74.57
8 1 15.02 120.79
8 2 2.03 34.01
8 3 12.5 81.55
8 4 11.95 115.68
8 6 12.29 114.19
8 7 11.21 85.35
8 8 19.75 41.46
8 9 12.38 104.49
8 10 6.97 49.89
8 11 15.13 119.54
8 12 4.45 45.52
8 13 5.14 44.58
8 15 1.67 29.48
8 16 11.43 75.15
8 17 15.14 120.56
8 18 14.26 90.44
8 19 18.51 122.08
8 21 12.48 104.49
8 22 16.99 109.53
8 23 11.4 99.28
8 24 20.87 120.82
8 25 14.46 115.75
8 26 6.07 44.76
8 27 0.11 19.5
8 28 10.81 63.85
8 29 7.18 48.45
8 30 14.76 79.93
9 1 15.39 125.56
9 2 2.26 36.97
9 3 13.02 86.57
9 4 12.28 117.67
9 6 12.63 117.74
9 7 11.71 90.34
9 8 21.26 46.2
9 9 12.7 109.2
9 10 7.29 52.73
9 11 15.88 124.89
9 12 4.78 48.91
9 13 5.49 47.78
9 15 1.86 32.0
9 16 12.12 80.03
9 17 15.68 125.9
9 18 15.21 95.73
9 19 19.15 127.33
9 21 12.8 109.2
9 22 17.66 115.04
9 23 11.73 104.22
9 24 21.9 126.14
9 25 14.93 121.27
9 26 6.37 48.42
9 27 0.11 22.45
9 28 11.34 68.16
9 29 7.4 51.34
9 30 15.78 85.07
10 1 15.76 130.06
10 2 2.48 39.72
10 3 13.5 91.31
10 4 12.59 119.49
10 6 12.95 120.91
10 7 12.18 95.11
10 8 22.69 50.84
10 9 13.01 113.69
10 10 7.6 55.37
10 11 16.58 129.9
10 12 5.1 52.05
10 13 5.81 50.74
10 15 2.04 34.36
10 16 12.79 84.7
10 17 16.15 130.89
10 18 16.16 100.77
10 19 19.77 132.24
10 21 13.11 113.69
10 22 18.3 120.25
10 23 12.04 108.94
10 24 22.87 131.12
10 25 15.32 126.46
10 26 6.67 52.2
10 27 0.11 25.61
10 28 11.85 72.58
10 29 7.61 54.29
10 30 16.81 90.0
