                                                    ALL FUELS REPORT (BASED ON STOCKABLE AREA)
STAND ID: FFE                           MGMT ID: NONE
--------------------------------------------------------------------------------------------------------------------------
                                                    ESTIMATED FUEL LOADINGS
                     SURFACE FUEL (TONS/ACRE)                           STANDING WOOD (TONS/ACRE)
     -----------------------------------------------------------  -----------------------------------
                    DEAD FUEL                      LIVE               DEAD            LIVE
     -----------------------------------------  ---------- SURF   -----------   ---------------        TOTAL TOTAL BIOMASS
YEAR LITT.  DUFF  0-3"   >3"  3-6" 6-12"  >12"  HERB SHRUB TOTAL   0-3"   >3"   FOL  0-3"   >3" TOTAL BIOMASS CONS REMOVED
--------------------------------------------------------------------------------------------------------------------------
1993  0.60  15.7   3.7   9.2   4.6   4.6   0.0  0.21  0.57  29.9   0.05   2.8   3.9   5.4    25    37    67     0      0
1998  1.43  15.6   2.7   9.6   4.1   5.4   0.1  0.20  0.47  30.0   0.33   8.4   4.2   6.5    30    49    79     0      0
2003  0.00   3.5   0.6   2.7   0.2   2.4   0.2  0.19  0.38   7.5   7.23  22.7   1.5   2.8    19    53    61    26      1
2008  1.16   3.6   2.8  15.6   3.5  11.5   0.6  0.31  1.46  24.9   3.48   6.4   1.5   3.2    23    38    63     0      0
2013  0.60   3.7   4.2  15.8   3.5  11.4   0.9  0.30  1.42  26.0   1.54   3.4   1.8   3.9    27    38    64     0      0
2018  0.68   3.8   4.2  13.5   2.8   9.5   1.1  0.30  1.39  23.8   0.36   3.4   2.0   4.4    31    41    65     0      0
2023  0.74   3.9   3.4  11.8   2.3   8.2   1.3  0.29  1.36  21.5   0.18   3.3   2.1   4.9    36    46    68     0      0
2028  0.79   4.0   2.9  10.6   1.9   7.3   1.4  0.29  1.33  19.8   0.18   3.2   2.2   5.4    40    51    71     0      0
2033  0.83   4.1   2.6   9.6   1.6   6.5   1.5  0.29  1.30  18.6   0.18   3.0   2.4   6.0    44    56    75     0      0
2038  0.88   4.1   2.4   8.7   1.4   5.8   1.6  0.28  1.27  17.7   0.18   3.0   2.5   6.6    50    62    80     0      0
2043  0.93   4.2   2.4   8.1   1.1   5.2   1.7  0.28  1.25  17.1   0.18   2.9   2.6   7.2    55    68    85     0      0
2048  0.97   4.2   2.4   7.6   1.0   4.7   1.9  0.28  1.23  16.7   0.19   2.9   2.8   7.8    60    74    91     0      0

