DAMHDR  1990   1   1
DAM  1990  1  1 00000000 00000000 00000000 00000000 00000000 00000000
DAM  1990  1  2 00000000 00000000 00000000 00000000 00000000 00000000
DAM  1990  1  3 00000000 00000000 00000000 00000000 00000000 00000000
DAM  1990  2  1 3E199998 3E199998 3D154318 00000000 00000000 429C3EB8
DAM  1990  2  2 3E199998 3E199998 3D154318 3D51B040 00000000 42920F5D
DAM  1990  2  3 3E199998 3E199997 3D154316 3D51B040 00000000 4291D99A
DAM  1990  3  1 00000000 00000000 00000000 00000000 00000000 00000000
DAM  1990  3  2 00000000 00000000 00000000 00000000 00000000 00000000
DAM  1990  3  3 00000000 00000000 00000000 00000000 00000000 00000000
DAM  1990  4  1 3E199998 3E199998 3D154318 00000000 00000000 429C3EB9
DAM  1990  4  2 3E199998 3E199998 3D154318 3D51B040 00000000 42920F5D
DAM  1990  4  3 3E199998 3E199998 3D154318 3D51B040 00000000 4291D99A
DAM  1990  5  1 3E199998 3E199998 3D154318 00000000 00000000 429C3EB9
DAM  1990  5  2 3E199998 3E199998 3D154318 3D51B040 00000000 42920F5D
DAM  1990  5  3 3E199998 3E199998 3D154318 3D51B040 00000000 4291D99A
DAM  1990  6  1 00000000 00000000 00000000 00000000 00000000 00000000
DAM  1990  6  2 00000000 00000000 00000000 00000000 00000000 00000000
DAM  1990  6  3 00000000 00000000 00000000 00000000 00000000 00000000
DAMHDR  1991   2   2
DAM  1991  1  1 00000000 00000000 00000000 00000000 00000000 00000000
DAM  1991  1  2 00000000 00000000 00000000 00000000 00000000 00000000
DAM  1991  1  3 00000000 00000000 00000000 00000000 00000000 00000000
DAM  1991  2  1 3E199998 3E199998 3D74A8BB 00000000 00000000 432BD0A2
DAM  1991  2  2 3E199998 3E199998 3D74A8BB 3DB36819 00000000 43204170
DAM  1991  2  3 3E199998 3E199998 3D74A8B8 3DB36819 00000000 4320094B
DAM  1991  3  1 00000000 00000000 00000000 00000000 00000000 00000000
DAM  1991  3  2 00000000 00000000 00000000 00000000 00000000 00000000
DAM  1991  3  3 00000000 00000000 00000000 00000000 00000000 00000000
DAM  1991  4  1 3E199998 3E199998 3D74A8BB 00000000 00000000 432C1C50
DAM  1991  4  2 3E199998 3E199998 3D74A8BB 3DB36819 00000000 4321467C
DAM  1991  4  3 3E199998 3E199998 3D74A8BB 3DB36819 00000000 4321103B
DAM  1991  5  1 3E199998 3E199998 3D74A8BB 00000000 00000000 432BD0A2
DAM  1991  5  2 3E199998 3E199998 3D74A8BB 3DB36819 00000000 43204170
DAM  1991  5  3 3E199998 3E199998 3D74A8BB 3DB36819 00000000 4320094C
DAM  1991  6  1 00000000 00000000 00000000 00000000 00000000 00000000
DAM  1991  6  2 00000000 00000000 00000000 00000000 00000000 00000000
DAM  1991  6  3 00000000 00000000 00000000 00000000 00000000 00000000
DAMHDR  1992   3   3
DAM  1992  1  1 00000000 00000000 00000000 00000000 00000000 00000000
DAM  1992  1  2 00000000 00000000 00000000 00000000 00000000 00000000
DAM  1992  1  3 00000000 00000000 00000000 00000000 00000000 00000000
DAM  1992  2  1 3E199998 3E199998 3DA2920E 00000000 00000000 4386E289
DAM  1992  2  2 3E199998 3E199998 3DA2920E 3DF1BB34 00000000 437DFFDB
DAM  1992  2  3 3E199998 3E199998 3DA2920C 3DF1BB34 00000000 437DBC68
DAM  1992  3  1 00000000 00000000 00000000 00000000 00000000 00000000
DAM  1992  3  2 00000000 00000000 00000000 00000000 00000000 00000000
DAM  1992  3  3 00000000 00000000 00000000 00000000 00000000 00000000
DAM  1992  4  1 3E199998 3E199998 3DA2920E 00000000 00000000 438719DE
DAM  1992  4  2 3E199998 3E199998 3DA2920E 3DF1BB34 00000000 437F9499
DAM  1992  4  3 3E199998 3E199998 3DA2920E 3DF1BB34 00000000 437F5440
DAM  1992  5  1 3E199998 3E199998 3DA2920E 00000000 00000000 4386E289
DAM  1992  5  2 3E199998 3E199998 3DA2920E 3DF1BB34 00000000 437DFFDB
DAM  1992  5  3 3E199998 3E199998 3DA2920E 3DF1BB34 00000000 437DBC6A
DAM  1992  6  1 00000000 00000000 00000000 00000000 00000000 00000000
DAM  1992  6  2 00000000 00000000 00000000 00000000 00000000 00000000
DAM  1992  6  3 00000000 00000000 00000000 00000000 00000000 00000000
DAMHDR  1993   4   4
DAM  1993  1  1 00000000 00000000 00000000 00000000 00000000 00000000
DAM  1993  1  2 00000000 00000000 00000000 00000000 00000000 00000000
DAM  1993  1  3 00000000 00000000 00000000 00000000 00000000 00000000
DAM  1993  2  1 3E199998 3E199998 3DC86465 00000000 3F59999A 43B855D2
DAM  1993  2  2 3E199998 3E199998 3DC86465 3E1531BF 3F59999A 43AF43D9
DAM  1993  2  3 3E199998 3E199998 3DC86463 3E1531BF 3F59999A 43AF1E5C
DAM  1993  3  1 00000000 00000000 00000000 00000000 00000000 00000000
DAM  1993  3  2 00000000 00000000 00000000 00000000 00000000 00000000
DAM  1993  3  3 00000000 00000000 00000000 00000000 00000000 00000000
DAM  1993  4  1 3E199998 3E199998 3DC86465 00000000 3F59999A 43B89447
DAM  1993  4  2 3E199998 3E199998 3DC86465 3E1531BF 3F59999A 43B02E8F
DAM  1993  4  3 3E199998 3E199998 3DC86465 3E1531BF 3F59999A 43B00AFD
DAM  1993  5  1 3E199998 3E199998 3DC86465 00000000 3F59999A 43B855D2
DAM  1993  5  2 3E199998 3E199998 3DC86465 3E1531BF 3F59999A 43AF43D9
DAM  1993  5  3 3E199998 3E199998 3DC86465 3E1531BF 3F59999A 43AF1E5D
DAM  1993  6  1 00000000 00000000 00000000 00000000 00000000 00000000
DAM  1993  6  2 00000000 00000000 00000000 00000000 00000000 00000000
DAM  1993  6  3 00000000 00000000 00000000 00000000 00000000 00000000
DAMHDR  1994   5   5
DAM  1994  1  1 00000000 00000000 00000000 00000000 00000000 00000000
DAM  1994  1  2 00000000 00000000 00000000 00000000 00000000 00000000
DAM  1994  1  3 00000000 00000000 00000000 00000000 00000000 00000000
DAM  1994  2  1 3E199998 3E199998 3DED60E0 3D79B413 3F59999A 43E9F205
DAM  1994  2  2 3E199998 3E199998 3DED60E0 3E301DC7 3F59999A 43E031C8
DAM  1994  2  3 3E199998 3E199998 3DED60DE 3E301DC7 3F59999A 43E00A83
DAM  1994  3  1 00000000 00000000 00000000 00000000 00000000 00000000
DAM  1994  3  2 00000000 00000000 00000000 00000000 00000000 00000000
DAM  1994  3  3 00000000 00000000 00000000 00000000 00000000 00000000
DAM  1994  4  1 3E199998 3E199998 3DED60E0 3D890AB9 3F59999A 43EA32FE
DAM  1994  4  2 3E199998 3E199998 3DED60E0 3E301DC7 3F59999A 43E12862
DAM  1994  4  3 3E199998 3E199998 3DED60E0 3E301DC7 3F59999A 43E1032F
DAM  1994  5  1 3E199998 3E199998 3DED60E0 3D2B95FC 3F59999A 43E9F205
DAM  1994  5  2 3E199998 3E199998 3DED60E0 3E301DC7 3F59999A 43E031C8
DAM  1994  5  3 3E199998 3E199998 3DED60E0 3E301DC7 3F59999A 43E00A84
DAM  1994  6  1 00000000 00000000 00000000 00000000 00000000 00000000
DAM  1994  6  2 00000000 00000000 00000000 00000000 00000000 00000000
DAM  1994  6  3 00000000 00000000 00000000 00000000 00000000 00000000
DAMHDR  1995   5   1
DAM  1995  1  1 00000000 00000000 00000000 00000000 00000000 00000000
DAM  1995  1  2 00000000 00000000 00000000 00000000 00000000 00000000
DAM  1995  1  3 00000000 00000000 00000000 00000000 00000000 00000000
DAM  1995  2  1 3E199998 3E199998 3E0908E6 3D79B413 3F59999A 43F48BEB
DAM  1995  2  2 3E199998 3E199998 3E0908E6 3E4A5068 3F59999A 43ECD9F4
DAM  1995  2  3 3E199998 3E199998 3E0908E5 3E4A5068 3F59999A 43ECBF2E
DAM  1995  3  1 00000000 00000000 00000000 00000000 00000000 00000000
DAM  1995  3  2 00000000 00000000 00000000 00000000 00000000 00000000
DAM  1995  3  3 00000000 00000000 00000000 00000000 00000000 00000000
DAM  1995  4  1 3E199998 3E199998 3E0908E6 3D890AB9 3F59999A 43F4CDC0
DAM  1995  4  2 3E199998 3E199998 3E0908E6 3E4A5068 3F59999A 43EDD4B1
DAM  1995  4  3 3E199998 3E199998 3E0908E6 3E4A5068 3F59999A 43EDBC0D
DAM  1995  5  1 3E199998 3E199998 3E0908E6 3D2B95FC 3F59999A 43F48BEB
DAM  1995  5  2 3E199998 3E199998 3E0908E6 3E4A5068 3F59999A 43ECD9F4
DAM  1995  5  3 3E199998 3E199998 3E0908E6 3E4A5068 3F59999A 43ECBF2E
DAM  1995  6  1 00000000 00000000 00000000 00000000 00000000 00000000
DAM  1995  6  2 00000000 00000000 00000000 00000000 00000000 00000000
DAM  1995  6  3 00000000 00000000 00000000 00000000 00000000 00000000
DAMHDR  1996   5   2
DAM  1996  1  1 00000000 00000000 00000000 00000000 00000000 00000000
DAM  1996  1  2 00000000 00000000 00000000 00000000 00000000 00000000
DAM  1996  1  3 00000000 00000000 00000000 00000000 00000000 00000000
DAM  1996  2  1 3E199998 3E199998 3E1B53E7 3D79B413 3F59999A 43F7616D
DAM  1996  2  2 3E199998 3E199998 3E1B53E7 3E6421B9 3F59999A 43F27E8E
DAM  1996  2  3 3E199998 3E199998 3E1B53E6 3E6421B9 3F59999A 43F271C5
DAM  1996  3  1 00000000 00000000 00000000 00000000 00000000 00000000
DAM  1996  3  2 00000000 00000000 00000000 00000000 00000000 00000000
DAM  1996  3  3 00000000 00000000 00000000 00000000 00000000 00000000
DAM  1996  4  1 3E199998 3E199998 3E1B53E7 3D890AB9 3F59999A 43F77DB6
DAM  1996  4  2 3E199998 3E199998 3E1B53E7 3E6421B9 3F59999A 43F2F831
DAM  1996  4  3 3E199998 3E199998 3E1B53E7 3E6421B9 3F59999A 43F2EC9B
DAM  1996  5  1 3E199998 3E199998 3E1B53E7 3D2B95FC 3F59999A 43F7616D
DAM  1996  5  2 3E199998 3E199998 3E1B53E7 3E6421B9 3F59999A 43F27E8E
DAM  1996  5  3 3E199998 3E199998 3E1B53E7 3E6421B9 3F59999A 43F271C4
DAM  1996  6  1 00000000 00000000 00000000 00000000 00000000 00000000
DAM  1996  6  2 00000000 00000000 00000000 00000000 00000000 00000000
DAM  1996  6  3 00000000 00000000 00000000 00000000 00000000 00000000
DAMHDR  1997   5   3
DAM  1997  1  1 00000000 00000000 00000000 00000000 00000000 00000000
DAM  1997  1  2 00000000 00000000 00000000 00000000 00000000 00000000
DAM  1997  1  3 00000000 00000000 00000000 00000000 00000000 00000000
DAM  1997  2  1 3E199998 3E199998 3E2D9A19 3D79B413 3F59999A 43F816E7
DAM  1997  2  2 3E199998 3E199998 3E2D9A19 3E7DBF6E 3F59999A 43F4E82C
DAM  1997  2  3 3E199998 3E199998 3E2D9A18 3E7DBF6E 3F59999A 43F4E07D
DAM  1997  3  1 00000000 00000000 00000000 00000000 00000000 00000000
DAM  1997  3  2 00000000 00000000 00000000 00000000 00000000 00000000
DAM  1997  3  3 00000000 00000000 00000000 00000000 00000000 00000000
DAM  1997  4  1 3E199998 3E199998 3E2D9A19 3D890AB9 3F59999A 43F821CC
DAM  1997  4  2 3E199998 3E199998 3E2D9A19 3E7DBF6E 3F59999A 43F51A73
DAM  1997  4  3 3E199998 3E199998 3E2D9A19 3E7DBF6E 3F59999A 43F5135E
DAM  1997  5  1 3E199998 3E199998 3E2D9A19 3D2B95FC 3F59999A 43F816E7
DAM  1997  5  2 3E199998 3E199998 3E2D9A19 3E7DBF6E 3F59999A 43F4E82C
DAM  1997  5  3 3E199998 3E199998 3E2D9A19 3E7DBF6E 3F59999A 43F4E07C
DAM  1997  6  1 00000000 00000000 00000000 00000000 00000000 00000000
DAM  1997  6  2 00000000 00000000 00000000 00000000 00000000 00000000
DAM  1997  6  3 00000000 00000000 00000000 00000000 00000000 00000000
DAMHDR  1998   5   4
DAM  1998  1  1 00000000 00000000 00000000 00000000 00000000 00000000
DAM  1998  1  2 00000000 00000000 00000000 00000000 00000000 00000000
DAM  1998  1  3 00000000 00000000 00000000 00000000 00000000 00000000
DAM  1998  2  1 3E199998 3E199998 3E3FDE92 3D79B413 3F59999A 43F853D9
DAM  1998  2  2 3E199998 3E199998 3E3FDE92 3E8BA0CF 3F59999A 43F5EF95
DAM  1998  2  3 3E199998 3E199998 3E3FDE91 3E8BA0CF 3F59999A 43F5EB26
DAM  1998  3  1 00000000 00000000 00000000 00000000 00000000 00000000
DAM  1998  3  2 00000000 00000000 00000000 00000000 00000000 00000000
DAM  1998  3  3 00000000 00000000 00000000 00000000 00000000 00000000
DAM  1998  4  1 3E199998 3E199998 3E3FDE92 3D890AB9 3F59999A 43F857A6
DAM  1998  4  2 3E199998 3E199998 3E3FDE92 3E8BA0CF 3F59999A 43F601AE
DAM  1998  4  3 3E199998 3E199998 3E3FDE92 3E8BA0CF 3F59999A 43F5FD7C
DAM  1998  5  1 3E199998 3E199998 3E3FDE92 3D2B95FC 3F59999A 43F853D9
DAM  1998  5  2 3E199998 3E199998 3E3FDE92 3E8BA0CF 3F59999A 43F5EF95
DAM  1998  5  3 3E199998 3E199998 3E3FDE92 3E8BA0CF 3F59999A 43F5EB26
DAM  1998  6  1 00000000 00000000 00000000 00000000 00000000 00000000
DAM  1998  6  2 00000000 00000000 00000000 00000000 00000000 00000000
DAM  1998  6  3 00000000 00000000 00000000 00000000 00000000 00000000
DAMHDR  1999   5   5
DAM  1999  1  1 00000000 00000000 00000000 00000000 00000000 00000000
DAM  1999  1  2 00000000 00000000 00000000 00000000 00000000 00000000
DAM  1999  1  3 00000000 00000000 00000000 00000000 00000000 00000000
DAM  1999  2  1 3E199998 3E199998 3E52226E 3DF9B413 3F59999A 43F8680E
DAM  1999  2  2 3E199998 3E199998 3E52226E 3E985A8B 3F59999A 43F64DD4
DAM  1999  2  3 3E199998 3E199998 3E52226D 3E985A8B 3F59999A 43F64AAD
DAM  1999  3  1 00000000 00000000 00000000 00000000 00000000 00000000
DAM  1999  3  2 00000000 00000000 00000000 00000000 00000000 00000000
DAM  1999  3  3 00000000 00000000 00000000 00000000 00000000 00000000
DAM  1999  4  1 3E199998 3E199998 3E52226E 3E090AB9 3F59999A 43F8695A
DAM  1999  4  2 3E199998 3E199998 3E52226E 3E985A8B 3F59999A 43F65417
DAM  1999  4  3 3E199998 3E199998 3E52226E 3E985A8B 3F59999A 43F65106
DAM  1999  5  1 3E199998 3E199998 3E52226E 3DAB95FC 3F59999A 43F8680E
DAM  1999  5  2 3E199998 3E199998 3E52226E 3E985A8B 3F59999A 43F64DD4
DAM  1999  5  3 3E199998 3E199998 3E52226E 3E985A8B 3F59999A 43F64AAD
DAM  1999  6  1 00000000 00000000 00000000 00000000 00000000 00000000
DAM  1999  6  2 00000000 00000000 00000000 00000000 00000000 00000000
DAM  1999  6  3 00000000 00000000 00000000 00000000 00000000 00000000
